162.660135
154.322486
140.606334
119.127391
104.377956
93.793115
79.790117
59.769209
50.674089
39.546935
30.195983
15.115097
193.947552
173.810631
151.073472
82.596589
79.208821
69.064660
61.783273
57.815560
46.942658
40.005966
34.827866
23.501748
169.617419
160.697674
140.065730
125.654816
92.983232
81.363022
71.551831
43.535263
25.816762
16.253531
11.894646
3.551339
177.480676
152.504464
132.116974
110.810494
98.954293
91.981589
80.385721
65.636602
56.555051
42.120479
16.988243
8.391172
186.399950
136.965715
110.686427
104.583881
95.438192
79.151391
72.665597
65.633431
51.116153
44.953537
24.076157
8.788645
