161.658692
146.964279
138.189962
129.247818
98.860343
89.873434
67.185533
62.016257
49.547501
29.156662
17.291568
5.947171
181.095494
138.832279
101.456954
92.899669
85.914179
69.851724
57.134707
50.855147
37.050053
25.872327
18.790640
9.547253
135.381304
126.926688
118.724821
97.291885
82.203668
65.542586
50.333898
45.683374
38.267348
26.497945
21.851032
13.004493
175.729124
142.487324
121.683663
97.357403
78.612102
54.934743
41.800218
34.748135
28.332996
20.686374
17.099438
10.641436
162.052292
141.471411
121.651899
101.422314
85.412410
72.480481
64.076495
60.064198
47.968723
36.139875
31.853297
5.101553
