206.963429
183.232860
169.644570
155.249081
120.369109
106.100791
92.862780
72.080549
58.852438
32.795630
19.860570
7.615798
221.637702
211.431984
189.481331
110.786337
101.596679
85.069634
73.017269
49.493004
40.867264
33.939030
28.341777
14.822544
209.336634
205.091848
157.591257
119.322141
110.701102
85.827338
58.013204
47.803427
42.077357
36.552604
17.570896
7.330979
183.027464
162.749988
145.921428
136.076799
123.556814
113.485696
95.894865
79.573818
36.672379
29.523467
21.973469
7.194816
192.334729
166.124665
129.651234
111.221030
103.214900
97.921938
90.542514
77.235161
67.302813
56.414008
16.605696
12.563220
