242.267218
212.457949
137.076177
101.291241
86.720620
74.295091
68.291027
59.978310
45.681293
18.380612
9.757534
4.663232
178.373187
159.716627
130.707394
106.361405
86.287124
64.311101
58.438022
33.701714
24.929971
15.015216
6.669675
3.535922
125.956373
104.414385
92.196269
85.282509
75.337050
71.293859
65.234331
57.324945
43.674060
21.306771
12.845057
6.381818
207.735386
172.537176
136.856746
110.700362
103.144055
91.029053
79.299113
71.689919
50.847665
38.191351
29.548375
11.343771
181.844441
147.053031
135.858441
121.141167
114.831840
108.929642
100.275480
95.649703
87.272933
75.445307
34.562799
16.923655
